0.356047,
0.366519,
0.376991,
0.387463,
0.397935,
0.408407,
0.418879,
0.429351,
0.439823,
0.450295,
0.460767,
0.471239,
0.481711,
0.492183,
0.502655,
0.513127,
0.523599,
0.534071,
0.544543,
0.555015,
0.565487,
0.575959,
0.586431,
0.596903,
0.607375,
0.617847,
0.628319,
0.638791,
0.649262,
0.659734,
0.670206,
0.680678,
0.69115,
0.701622,
0.712094,
0.722566,
0.733038,
0.74351,
0.753982,
0.764454,
0.774926,
0.785398,
0.79587,
0.806342,
0.816814,
0.827286,
0.837758,
0.84823,
0.858702,
0.869174,
0.879646,
0.890118,
0.90059,
0.911062,
0.921534,
0.932006,
0.942478,
0.95295,
0.963422,
0.973894,
0.984366,
0.994838,
1.00531,
1.01578,
1.02625,
1.03673,
1.0472,
1.05767,
1.06814,
1.07861,
1.08909,
1.09956,
1.11003,
1.1205,
1.13097,
1.14145,
1.15192,
1.16239,
1.17286,
1.18333,
1.19381,
1.20428,
1.21475,
1.22522,
1.23569,
1.24617,
1.25664,
1.26711,
1.27758,
1.28805,
1.29852,
1.309,
1.31947,
1.32994,
1.34041,
1.35088,
1.36136,
1.37183,
1.3823,
1.39277,
1.40324,
1.41372,
1.42419,
1.43466,
1.44513,
1.4556,
1.46608,
1.47655,
1.48702,
1.49749,
1.50796,
1.51844,
1.52891,
1.53938,
1.54985,
1.56032,
1.5708,
1.58127,
1.59174,
1.60221,
1.61268,
1.62316,
1.63363,
1.6441,
1.65457,
1.66504,
1.67552,
1.68599,
1.69646,
1.70693,
1.7174,
1.72788,
1.73835,
1.74882,
1.75929,
1.76976,
1.78024,
1.79071,
1.80118,
1.81165,
1.82212,
1.8326,
1.84307,
1.85354,
1.86401,
1.87448,
1.88496,
1.89543,
1.9059,
1.91637,
1.92684,
1.93732,
1.94779,
1.95826,
1.96873,
1.9792,
1.98968,
2.00015,
2.01062,
2.02109,
2.03156,
2.04204,
2.05251,
2.06298,
2.07345,
2.08392,
2.0944,
2.10487,
2.11534,
2.12581,
2.13628,
2.14675,
2.15723,
2.1677,
2.17817,
2.18864,
2.19911,
2.20959,
2.22006,
2.23053,
2.241,
2.25147,
2.26195,
2.27242,
2.28289,
2.29336,
2.30383,
2.31431,
2.32478,
2.33525,
2.34572,
2.35619,
2.36667,
2.37714,
2.38761,
2.39808,
2.40855,
2.41903,
2.4295,
2.43997,
2.45044,
2.46091,
2.47139,
2.48186,
2.49233,
2.5028,
2.51327,
2.52375,
2.53422,
2.54469,
2.55516,
2.56563,
2.57611,
2.58658,
2.59705,
2.60752,
2.61799,
2.62847,
2.63894,
2.64941,
2.65988,
2.67035,
2.68083,
2.6913,
2.70177,
2.71224,
2.72271,
2.73319,
2.74366,
2.75413,
2.7646,
2.77507,
2.78555,
2.79602,
2.80649,
