0.00040315,
0.00131497,
0.00360889,
0.00856426,
0.0179726,
0.0339773,
0.0587647,
0.094184,
0.141403,
0.200686,
0.271345,
0.351876,
0.440253,
0.534362,
0.63255,
0.734217,
0.840379,
0.954044,
1.08021,
1.22524,
1.39522,
1.59317,
1.81473,
2.0437,
2.25035,
2.39662,
2.44962,
2.41503,
2.31777,
2.17375,
2.003,
1.82458,
1.65319,
1.49801,
1.36318,
1.24916,
1.1542,
1.07543,
1.00971,
0.954095,
0.906026,
0.863467,
0.824879,
0.789163,
0.755574,
0.723638,
0.693068,
0.663698,
0.63544,
0.608245,
0.582088,
0.556949,
0.532812,
0.50966,
0.487473,
0.466228,
0.4459,
0.426461,
0.407883,
0.390136,
0.37319,
0.357015,
0.341579,
0.326853,
0.312806,
0.299409,
0.286634,
0.274451,
0.262836,
0.25176,
0.241199,
0.231129,
0.221526,
0.212368,
0.203634,
0.195303,
0.187355,
0.179772,
0.172536,
0.16563,
0.159038,
0.152745,
0.146736,
0.140996,
0.135514,
0.130276,
0.12527,
0.120485,
0.115911,
0.111537,
0.107353,
0.103351,
0.0995214,
0.095856,
0.0923471,
0.0889873,
0.0857694,
0.0826868,
0.0797331,
0.0769023,
0.0741886,
0.0715866,
0.0690912,
0.0666973,
0.0644003,
0.0621959,
0.0600798,
0.058048,
0.0560967,
0.0542222,
0.0524213,
0.0506905,
0.0490269,
0.0474274,
0.0458892,
0.0444096,
0.0429862,
0.0416165,
0.0402981,
0.0390289,
0.0378068,
0.0366298,
0.0354961,
0.0344037,
0.0333509,
0.0323362,
0.0313579,
0.0304146,
0.0295048,
0.0286271,
0.0277803,
0.0269632,
0.0261744,
0.0254129,
0.0246777,
0.0239676,
0.0232817,
0.022619,
0.0219787,
0.0213598,
0.0207616,
0.0201832,
0.019624,
0.0190831,
0.0185598,
0.0180536,
0.0175638,
0.0170897,
0.0166308,
0.0161865,
0.0157563,
0.0153397,
0.0149362,
0.0145452,
0.0141665,
0.0137994,
0.0134436,
0.0130987,
0.0127644,
0.0124401,
0.0121257,
0.0118207,
0.0115248,
0.0112378,
0.0109592,
0.0106889,
0.0104264,
0.0101717,
0.00992431,
0.00968411,
0.00945082,
0.00922422,
0.00900409,
0.00879021,
0.00858237,
0.00838038,
0.00818406,
0.0079932,
0.00780765,
0.00762723,
0.00745177,
0.00728111,
0.00711511,
0.00695362,
0.0067965,
0.0066436,
0.0064948,
0.00634997,
0.00620899,
0.00607174,
0.00593811,
0.00580798,
0.00568125,
0.00555781,
0.00543757,
0.00532043,
0.0052063,
0.00509509,
0.00498671,
0.00488108,
0.00477812,
0.00467774,
0.00457989,
0.00448447,
0.00439142,
0.00430068,
0.00421217,
0.00412584,
0.00404161,
0.00395944,
0.00387926,
0.00380102,
0.00372465,
0.00365012,
0.00357737,
0.00350635,
0.00343702,
0.00336931,
0.0033032,
0.00323864,
0.00317559,
0.00311399,
0.00305383,
0.00299505,
0.00293762,
0.00288151,
0.00282668,
0.00277309,
0.00272072,
0.00266952,
0.00261948,
0.00257055,
0.00252272,
0.00247595,
0.00243022,
